      1.3171525
      3.3462676
      6.1362422
       11.05742
       18.03179
      27.020213
       38.01399
      51.010258
      66.007844
      83.006192
      102.00501
      123.00414
      146.00348
      171.00296
      198.00255
      227.00222
      258.00196
      291.00173
      326.00154
      363.00139
      402.00125
      443.00113
      486.00103
      531.00095
      578.00087
       627.0008
      678.00074
      731.00069
      786.00064
      843.00059
      902.00056
      963.00052
      1026.0005
      1091.0005
      1158.0004
      1227.0004
      1298.0004
      1371.0004
      1446.0003
      1523.0003
      1602.0003
      1683.0003
      1766.0003
      1851.0003
      1938.0003
      2027.0002
      2118.0002
      2211.0002
      2306.0002
      2403.0002
      2502.0002
      2603.0002
      2706.0002
      2811.0002
      2918.0002
      3027.0002
      3138.0002
      3251.0002
      3366.0001
      3483.0001
      3602.0001
      3723.0001
      3846.0001
      3971.0001
      4098.0001
      4227.0001
      4358.0001
      4491.0001
      4626.0001
      4763.0001
      4902.0001
      5043.0001
      5186.0001
      5331.0001
      5478.0001
      5627.0001
      5778.0001
      5931.0001
      6086.0001
      6243.0001
      6402.0001
      6563.0001
      6726.0001
      6891.0001
      7058.0001
      7227.0001
      7398.0001
      7571.0001
      7746.0001
      7923.0001
      8102.0001
      8283.0001
      8466.0001
      8651.0001
      8838.0001
      9027.0001
      9218.0001
      9411.0001
      9606.0001
      9803.0051
