      7613.8845
      10218.079
       98.33597
      166.76207
      1966.8373
      2200.5944
      37.742757
      2722.0251
      539.93665
      1241.6765
       441.2003
       4557.148
      7089.7258
      878.31653
      3813.3946
      681.66435
      743.08643
      1851.3968
      1983.6504
      1771.3525
       601.2585
      2762.3138
      6505.1532
      729.57351
      190.90222
      4057.7068
      707.47648
      1007.1639
      4636.6874
      3270.7897
      2968.5679
      6584.7933
      1916.8803
      1471.3129
      5199.4904
      6191.5947
      5101.0205
      1827.1723
      5870.9719
      253.19831
      2254.5284
      2477.4889
      941.25833
      589.95886
      4246.1963
      485.47319
      664.88593
      7962.2542
      6843.0028
      1958.4609
      1153.9292
      3161.0502
      2060.3041
      1401.3457
      3427.7903
      4452.2164
      3801.3892
      3873.7218
      586.23726
      3600.3615
      833.06556
      560.82187
      2652.2917
       3706.067
      2864.4387
      30.003512
      4975.8573
      656.62639
      90.901628
      289.84203
      2989.6342
      673.23201
      234.06214
      9454.9803
      990.41048
      2496.5905
      45.449306
      1178.5935
      7239.9204
      3837.4654
      1052.7406
      5313.2282
      2632.5483
      451.56636
      4271.6686
       2346.024
      134.85982
      156.23369
      1209.8812
      2401.8846
       1306.788
      2439.5262
      436.21081
       1172.397
      1216.1997
      6600.7813
      10054.378
      616.63716
      6891.9873
      8086.0741
      4082.5785
      1975.2338
      4258.9225
      355.38945
      4478.3292
       8175.117
      3337.5949
      9570.7736
      79.672211
      3777.4385
       3496.278
       6745.574
      842.97597
      2309.1849
      204.41995
      2043.1293
      9397.3537
      1081.8902
      152.70048
      720.67091
      2926.6757
      5059.1193
      6457.6092
      5676.9132
      94.624051
      685.91279
      2564.0781
      5471.7087
      4233.4902
      2823.3482
      321.31049
      1755.5851
        5356.21
      6908.3555
      3635.4164
      265.66211
      9187.5964
      18.342762
      4893.3157
      973.84159
      3326.4106
        1111.55
      2068.9216
      402.37169
      3934.5496
      2506.1714
      256.33677
      3292.9779
       7324.062
      995.97447
      2802.9232
      6616.7894
      1565.2884
      1536.0097
      1380.7496
      3971.2866
      7596.6761
      677.43741
      5115.0276
      9745.8138
      5573.8207
      3000.1974
      7579.4877
      7752.2721
      5706.5483
      304.41543
      9055.3747
      224.30338
      3983.5723
      946.63748
      7787.0691
       2854.136
      2281.7663
      7056.5694
      7648.3614
      292.79107
      3063.9975
      1724.2918
      9883.0772
      8499.8125
      411.48482
      3281.8738
      6238.1183
      7006.9847
      10029.053
      2218.4921
      1387.5948
      4623.3808
      5171.2561
      342.72805
      3416.4457
      109.40788
      1779.2664
      3053.3141
      8103.8427
      6681.0216
      1443.0837
       4182.866
      5588.4882
        984.867
      145.59891
      3085.4245
      2420.6653
      415.58546
      326.78908
       5241.992
      3042.6507
      6697.1297
      7206.4038
      5931.3626
      510.21222
      422.09706
      828.14157
      3226.6535
      1046.9719
      1313.4106
      1492.6969
      5559.1732
      2672.1153
      384.99446
      387.01526
      5632.6106
      4020.5494
      3885.8474
      4676.7273
      5284.6737
      2103.5925
      4543.9615
      5327.5354
      546.80491
      1580.0487
      362.68385
      1273.9789
      1422.1238
      324.05971
      10.548347
      6729.4059
      1708.7659
      1507.0538
      1228.8975
      1655.0596
      443.74442
      5457.2014
       962.8983
      2165.0399
      5647.3581
      5795.9337
      1925.1563
      4348.5658
      6974.0282
      6347.3735
      3565.4867
      456.93341
      6331.7056
      925.24441
      3741.6627
      8701.4282
      9036.5659
      2515.7724
      262.56881
      2191.6756
      620.53726
      6990.4965
      2843.8534
      7979.8828
      9962.5401
      2874.7615
      2525.3934
      1436.0768
        6083.74
      207.76703
      3530.7922
      4132.5621
      1900.3888
       431.3583
      9206.5652
      698.78682
      7631.1129
       605.0698
      1373.9247
       557.2828
      163.26457
      3682.4367
      3507.7627
      5073.0664
      516.64788
      1819.1377
      3577.0916
      4208.1381
      1617.3022
      543.35901
      1693.3205
       690.1827
      4716.9474
      6394.4973
      2086.2169
      227.57011
      8980.2595
      1346.8272
      4962.0503
      6378.7694
      399.36563
      1763.4587
      9339.9071
      3484.8133
      2947.5817
      5916.2349
      8210.8742
      352.90581
      3405.1212
      1514.2625
      6761.7621
      8572.8472
      2583.5407
      4825.0815
      3139.3427
      230.82307
      6810.4465
      7682.9183
      5017.3983
      68.351567
       8050.597
      3658.8865
      388.98703
       6160.679
      4797.9279
      571.57723
      7891.9401
      8905.4644
      3348.7992
      3612.0264
      526.48455
      8264.6601
      507.03144
      6713.2578
      3729.7774
      4070.1326
      7874.4116
      6145.2512
      1408.2515
        3825.42
      9667.8182
      6473.4372
      930.56179
      428.98575
      1908.6245
      400.83142
      8390.8605
      6568.8252
      1087.7814
      6068.4122
      120.38235
      41.600295
      8664.5908
      1123.5565
      8336.6546
      3765.4932
      9378.1848
      201.05983
      1499.8652
      5855.9243
       2373.864
       2034.572
      3150.1864
      2573.7994
      2094.8947
      1543.2991
      394.55119
      6648.8655
      105.72797
      2209.5332
      1117.5431
      624.45945
      6099.0878
      2782.5784
      340.12561
      612.75918
      307.27745
      5413.7993
      6176.1269
      1557.9384
      8886.8156
       9225.554
      7106.3341
      2318.3646
      838.01037
      1639.8962
      1235.2769
      1429.0902
       4045.301
      1260.9971
      4413.1973
      1572.6584
      6053.1045
      4989.6843
      7545.1708
      417.71076
      6875.6391
      8682.9995
      2026.0349
      550.27423
      250.04509
      56.942663
      9922.5077
      2833.5908
      1609.8112
       3922.344
      1602.3403
      1478.4207
       334.8546
      2544.6956
      7821.9461
      2300.0253
        636.358
      3450.5394
      1280.5002
      9843.7585
      1670.3035
      4322.8533
      9244.5629
        4439.19
      2792.7408
      10321.186
      6222.5904
      4120.0362
      476.62354
      7493.8456
      274.84927
      979.34404
       277.8802
       2182.777
      6664.9336
      1029.7886
      6426.0133
      1950.1046
      1064.3392
      465.20332
      4743.8608
      8463.4151
      7340.9503
      582.53822
      2430.0857
      847.96236
       5157.169
      5780.9861
      5399.3719
      3519.2675
      1041.2237
      60.755226
      1464.2253
      4948.2634
      1360.3355
      426.65048
      1803.1288
      1941.7684
      5662.1256
      5143.1018
      159.75508
       4157.674
      7425.6921
      1677.9557
      350.39725
      2411.2649
       2979.091
      628.40366
      766.03052
      259.46031
      8609.4846
      382.92843
      4703.5207
      756.78963
       1835.227
      2916.2528
      7839.4146
      438.68885
       4400.231
      5213.6376
      716.25148
      7562.3192
      7408.7037
      6363.0615
      7023.4929
      734.05664
      597.46955
      536.53791
      459.66122
      2051.7066
      53.120703
      9765.3628
        413.509
      5486.2361
      372.01276
      799.03551
      5529.9384
      268.74006
      433.76699
      22.235497
      1222.5384
      9168.6476
       2712.003
      5384.9646
      1191.0477
       1147.814
      116.73515
      857.99746
      211.10097
      957.45747
      312.94688
      578.86183
      808.65402
      3670.6516
      376.48758
      2448.9868
      5992.0735
      9320.7983
      1843.3019
      3010.7807
      2077.5592
      2.7792062
       1093.693
      2958.0648
      2612.8851
      4920.7495
       5825.889
      519.90249
      660.74533
      5976.8657
      1018.4353
      3259.7256
      5370.5773
      369.72605
      3553.9019
      10005.482
      5603.1756
      1795.1546
      473.72728
      3623.7114
      818.35608
      883.44808
      6253.6661
      1739.8982
      3096.1681
      446.32054
      4907.0226
      770.68254
      8157.2684
      9902.7711
      5946.5103
      2603.0836
      1811.1232
      7290.3453
      1521.4914
      1160.0648
      448.92804
      194.30087
      7357.8586
      4107.5303
       7273.517
       2702.001
       142.0307
      640.36805
      1624.8134
      8719.8769
      405.77761
      214.42168
      8868.1869
       26.12276
      6441.8012
      3717.9122
      888.60032
      5901.1272
      1883.9777
      4465.2628
      424.35376
      5840.8966
      6007.3012
      9474.2292
      6129.8434
      407.61227
      8961.5307
      404.02503
       3021.384
      1293.6036
       271.8025
      2467.9681
      173.72082
      3237.6575
      1485.5487
      8756.8344
        2642.41
      7927.0572
      127.64351
      1685.6281
      1450.1107
      789.50067
      295.72315
      3542.3371
      217.72906
      131.25731
      1394.4601
      4596.8277
      2138.5848
      2742.1293
      237.28722
      1415.1775
      529.81175
      652.52916
      1933.4523
      138.45098
      794.25762
      761.39954
      5270.4264
      1875.8023
      409.51733
      1632.3447
       3461.944
      75.908665
      221.02299
      6536.9492
      747.63305
      7909.4886
      567.96916
      390.90494
       4865.962
      9551.4247
      2383.1842
      1166.2207
       2692.019
      9111.9211
       9706.776
      1135.6445
       2355.284
      468.01687
      1892.1732
      1203.5831
      2121.0485
      8924.1332
      246.87724
       3995.878
       7374.787
      488.47587
      2129.8066
      1662.6715
      852.96953
      3897.9929
      10143.253
      694.47405
      4757.3476
      1248.0964
      8192.9856
      8372.7719
      935.89977
      1012.7894
      5298.9409
      3204.7056
      533.16291
      3182.8378
      775.35559
       2364.564
      1457.1579
       3074.701
      5256.1992
      968.35968
       2895.467
      503.87557
      6826.7147
      4838.6883
      2622.7067
      1254.5366
       5751.151
      1587.4591
      3315.2464
      494.55909
      3106.9317
       8942.822
      2236.4701
      9863.4076
      3393.8168
      593.70298
      9648.3692
      2327.5643
      337.50098
       64.55824
      8228.7828
      8554.5585
      7997.5313
      2112.3105
      8121.6313
      1353.5712
      4008.2037
      392.76262
       365.0605
      2535.0345
      367.40825
      1070.1691
       5442.714
      1326.7165
      914.67149
      1747.7316
      8300.6173
      5031.2853
      298.63805
      7459.7288
      8627.8333
      3382.5323
      283.89386
      7391.7354
      10081.661
      3032.0073
      315.75377
      184.06702
      904.18107
      3849.5309
      4730.3941
      180.63066
      4297.2209
      7256.7087
      1024.1017
      345.30781
      4220.8042
      479.54678
      632.36986
      49.289518
      5721.3958
      4145.1081
      1716.5188
      1550.6087
      919.94764
      8408.9692
      4387.2846
      1340.1034
      9824.1296
      4095.0444
      14.446147
      1859.5119
       2227.471
      6.6546918
       8646.202
      33.877024
      1105.5772
      5045.1923
      5736.2634
      2272.6669
      2017.5178
      187.49091
      2772.4361
      3946.7753
      10111.159
      9282.6406
      7528.0424
      780.04963
      1867.6471
      3753.5679
      863.04614
      2593.3021
      5003.5313
      6552.8772
      3861.6163
      4784.3811
       3171.934
      6794.1984
      7307.1936
      318.54174
      752.20079
      703.12097
       357.8475
      8518.0412
      3473.3686
      7189.6755
      9532.0958
      644.39994
      9074.2035
      329.49827
      553.76689
      6410.2453
      4610.0942
       9359.036
      5087.0335
      1367.1199
      2487.0297
      6037.8167
      10263.865
      9784.9317
      6316.0577
      3117.7153
      3439.1548
      378.67261
      6632.8174
      5691.7207
      5341.8627
      113.07697
       102.0373
      738.56095
      7804.4976
      8812.4206
      4284.4348
      6924.7437
      5544.5458
      1732.0849
      2009.0208
      1992.0871
      725.11159
      803.83431
       6859.311
       124.0185
       1001.559
      9130.8099
      380.82029
      500.74477
      9942.3612
      2458.4674
      2682.0571
      1333.3998
      1320.0534
      280.89513
       823.2384
      909.41596
      868.11555
      374.26708
      9416.5426
      360.27923
      9590.1425
      301.53556
      1787.2004
      87.168787
      2885.1042
      7073.1376
      513.41775
      2336.7841
      4504.5221
      72.135081
      5185.3633
      813.49461
      3215.6695
      7156.2789
      1076.0195
      5886.0396
      1184.8104
      1594.8896
      2000.5439
      8068.3255
      1300.1856
      397.86361
      5766.0585
      497.63922
      2554.3768
      4517.6485
      3588.7165
      2173.8984
      8015.1999
      3371.2679
      711.85333
      9512.7869
      1035.4959
      347.86439
      3647.1415
      8318.6259
      4335.6996
      4650.0141
      8282.6287
        6957.58
      8032.8884
      7717.5552
      177.18189
      240.49818
      873.20568
      3304.1021
      1129.5903
      2937.1187
      564.38401
      669.04817
      4770.8543
      8793.8719
      9263.5917
      8427.0978
      8738.3457
      8481.6038
      4374.3583
      5515.3509
      5227.8048
      5428.2466
      6521.0412
      6941.1518
      7944.6457
       5961.678
      3789.4039
      454.23498
      9687.2871
      9493.4981
      170.24752
      8775.3431
      4583.5811
      7476.7772
      197.68677
      9804.5206
      149.15553
      6284.8219
      9301.7094
      6777.9703
       6269.234
      2245.4892
      523.18142
      4310.0271
      6022.5489
       4195.492
       7510.934
      4934.4965
      2156.2014
      575.20814
      491.50458
      8591.1559
      2290.8858
      3694.2419
      5810.9014
      648.45366
      9726.2849
      2662.1934
      10178.549
      9609.5314
      6300.4298
      5500.7835
      893.77324
      4811.4947
      7700.2267
      1287.0417
      784.76467
      1141.7191
      608.90338
      4570.3546
      83.425617
      2263.5876
      7442.7005
      9149.7187
      5617.8831
      4032.9152
      310.12135
      2732.0672
      1267.4779
      1099.6249
       3128.519
      8849.5781
      5129.0547
      2752.2115
      2147.3831
      4491.4156
      3959.0209
      4852.3151
      462.41798
      6114.4556
      7040.0211
      470.85829
      4426.1836
      9435.7514
      482.49674
      7734.9037
      1647.4678
      8830.9894
      9628.9403
      396.25752
      1058.5297
      8139.4398
      9983.4298
       4530.795
      7139.6106
      8354.7032
      9093.0523
      6207.0825
      7172.9672
      8445.2465
      8999.0083
      4879.6289
      7122.9624
      898.96683
      3360.0236
      6489.2852
      1528.7405
        4170.26
      3248.6815
      4663.3607
      9017.7771
      3193.7617
      419.88207
      8246.7115
      2392.5243
      7665.6298
       4690.114
      1701.0332
      2905.8499
      7856.9031
      8536.2899
       243.6949
      4361.4521
       7223.152
      3910.1584
       332.1869
      952.03719
      2813.1257
      7769.6606
      1197.3052
      286.87623
