       4127.928
      6850.4467
      5752.5036
      179.73826
      332.83204
      910.37085
      6385.6336
      121.04385
      2507.3819
       7704.876
      7737.4156
      2405.0209
      3034.1487
      3468.3777
      7747.7365
      6034.4305
      7611.9351
      5895.2991
      7581.0767
      807.16462
      426.72241
      451.95249
      7652.5471
       6343.414
      108.26784
      7256.3305
      7564.5224
      7626.2325
      5304.7606
      7726.8633
      250.41377
      7308.8641
      163.93274
      7713.0027
       311.1408
      7229.0375
      4564.8158
      96.257508
      2456.0575
      7664.5579
      3087.9434
      2927.0832
      5456.9657
      3742.8337
      4292.4405
       4833.735
       6169.645
      1333.4708
       7732.568
      6986.8218
      290.17117
      10.998197
      1292.2721
      4510.5734
       7113.155
      3907.9297
      1018.9782
      7334.0941
      7201.0678
      2715.3496
      6257.4902
      1547.0146
      7405.5758
       3413.692
      47.828075
      2154.5142
        4940.03
      3523.1467
      1211.4519
      2253.7409
      1635.7939
      1680.8684
      7695.9631
      40.505963
       7358.626
      7470.6447
      6814.8348
      4780.2931
      3797.8527
      3962.9654
      6628.0287
      5045.4686
      5606.3039
      4182.8303
      1251.5964
       2980.525
      6704.4707
      402.19041
      6919.8627
      6588.9709
      559.74918
      5507.0772
      2873.8339
      28.298194
        6778.63
      4618.9199
      33.993364
      6885.4583
      7427.9841
      196.29272
      7759.0134
      741.45422
      2203.9582
      7382.4549
      5149.9655
      504.48628
      378.36148
      1375.1842
      7172.4269
      477.87553
      231.63418
      2056.6824
       5848.095
      55.948045
      1417.4039
      7490.8883
      6.9991948
      3196.0024
      773.99553
      2354.2825
      4992.8617
      1960.3247
      7282.9412
      6468.5457
        7051.27
      213.59258
      6741.8395
      74.548044
       2105.419
      7686.2696
      4347.1262
      5556.8599
       1912.723
      1460.1213
      1772.3417
      15.001415
       134.5822
      5355.7972
      7529.1812
      6213.8034
        5097.84
      7449.6752
      5704.1356
      2303.8524
      5988.4763
      4072.9757
      3250.2447
      2008.3144
      3577.9879
      6300.6966
      2558.9838
      7720.3355
      6509.2214
       5942.096
      19.059365
      4886.9842
      5800.4933
      3141.8983
      5655.3991
      3852.8885
      2767.9565
      7510.4018
      7082.5361
      7675.7999
      1171.8468
      840.95478
      7639.7709
      3687.8425
      23.383067
      269.92744
      875.35917
      4672.8747
      3359.1005
      4237.6715
      1503.3277
      4401.7176
      4017.9845
      1094.2865
      355.24045
      7596.8821
      678.28113
      7143.1207
      6666.5312
      7019.3631
      7744.4054
      6125.0241
      64.856907
      3632.8902
      85.016328
      5406.5356
      6079.9496
      4726.6694
      1591.1729
      6953.6528
      2610.8527
      2820.7881
      7741.3352
      1726.3874
       1818.722
      3304.6145
       148.8796
      2662.9781
      1865.5189
      531.77934
      7752.3645
      5253.4362
       6427.347
      5201.8344
      588.39015
      709.54727
      647.66212
      617.69644
      2.9998386
      945.98272
       1056.347
      7547.2227
      6549.3658
       982.1876
      4456.2037
       1132.789
