         3050.5
      2444.5891
      1905.5615
      6.0270015
      282.77469
      2733.4792
      148.29212
      1522.4485
      1017.0729
      333.04853
      165.96775
      373.32034
       1479.462
      1393.6546
      1098.6912
       2783.777
       2320.194
      587.93446
      116.40483
      2575.6348
      1988.2632
      522.39775
      131.76327
      2226.4947
      2069.4936
      2544.0741
      2818.8446
      204.67588
      1140.0442
      1181.7153
      1947.0797
      175.22894
      2029.0789
      139.88295
      1672.7422
      1436.5192
      2909.6831
      247.72851
      1926.3603
      1800.5231
      1651.3215
      674.13329
      554.76998
      2759.1254
      2891.4136
      2957.6401
      1967.7154
      72.385024
      2746.4253
      764.67623
      656.53168
      1119.3258
       802.0077
      2591.1002
      2008.7191
      102.24525
      270.83508
      38.360107
      917.42873
       1608.413
      3004.7203
      259.15218
      22.295241
      307.41378
      976.87363
      83.340922
      2942.8158
      123.93612
      3009.1406
      1244.7445
      2950.3753
      2264.4217
      95.626268
      506.51698
      2109.4747
       2392.312
      67.430185
      1842.7303
      1821.6558
      10.141446
         3013.2
      1202.6596
      691.90873
      3016.8754
      1057.6897
      1160.8421
      2706.8598
      1350.9029
      639.10748
      3022.9583
       2356.586
      3020.1335
      2089.5404
      1863.7423
      2650.7901
      3025.5523
        184.769
      475.38233
      1715.4946
      1694.1347
      746.24183
       26.32056
      415.70861
      2999.9551
      77.691543
      571.25486
      1287.0628
      2527.9853
      62.820939
      359.65745
      1372.2624
      2807.4134
      878.41488
      109.17312
      2964.6074
      604.80538
      2861.9324
      2049.3384
      2606.3516
      490.84411
       1457.983
      42.364687
      2926.8235
      1078.1444
      2830.0145
      2840.9207
      2900.6883
      621.86421
      14.212129
      937.12446
      2636.1995
      3057.0563
      727.96666
      2934.9644
      2989.4327
      236.56659
      538.48317
      46.366513
      2301.7574
       1.784972
      445.10462
      156.98795
      1415.0749
       401.3488
      2409.9162
      2665.1543
      1329.5802
      820.89721
      3039.8885
      2983.6909
      2511.6953
      2994.8563
       709.8544
      3035.5295
       2971.274
      1308.2988
      1779.3363
      3044.8423
      1223.6707
      430.29488
       1500.952
      2245.5302
      30.338899
      1543.9472
      2851.5608
      18.260523
      3028.3896
      2129.2926
      1586.9338
      2427.3431
      2374.5341
      1758.0997
      58.510059
      2188.0071
      2918.3956
      1565.4437
      859.10467
      194.58546
      2148.9899
      2720.2898
      1736.8177
      2168.5627
      956.94076
      225.66888
      897.85755
      996.91902
       2207.319
      1037.3311
      2795.7234
      294.96846
      2977.6365
      2495.2073
      2771.5769
      839.93082
      2338.4714
      215.03783
      2461.6508
      783.26611
       1629.877
      2621.3857
      50.370068
      1884.6874
      320.10803
       2693.192
      2881.8611
      3064.8975
      2872.0333
      2679.2892
      3031.7054
      346.23259
      89.322298
      3075.0347
      2559.9583
      2478.5246
      2283.1654
      460.13479
      34.351753
      54.396502
      387.21841
      1265.8766
