      2987.0002
      3600.5438
      951.42903
      598.04665
      3684.6881
      2086.4686
      1220.6621
      2755.8226
      635.87418
      1985.3617
      406.73692
      2503.7826
      2866.9922
      3120.7482
      711.09012
       2005.535
      2465.4482
       2804.976
       1865.355
      2288.3032
      1149.7364
      2597.4155
      172.38477
      2615.7141
      1412.3374
        4173.62
      2975.4131
      692.34125
      1566.0962
      1531.8538
      2772.4378
      3745.0839
      3304.1506
      1463.7385
      1514.8313
      1024.0871
      2836.5243
      3428.8647
      1114.0338
      767.11494
      2367.8343
      4284.2698
      1945.1341
      32.814528
       785.7156
      3323.6581
       3406.759
      368.04303
      502.84258
      3093.6019
      3068.6121
      3992.6774
      1308.4072
      1446.6457
         1786.9
      3135.0723
      2881.7883
      1583.4123
      1185.2796
      3474.7826
       464.5082
      2207.8968
      4034.2721
      3036.0133
      2248.1861
      2924.2315
      3106.9188
      2328.2014
      426.02995
      4348.3377
      1767.5609
       3809.465
      3213.7867
      329.20513
      3343.6616
      2066.2121
      2025.7388
      387.40795
      1005.9806
       2669.635
      3843.3417
      2167.4824
      1965.2258
      1377.8613
      4078.0372
        1497.82
      2997.9757
      1618.6271
      2228.0601
      3149.8785
       211.8161
       2147.243
      3017.7017
      2851.8996
      896.53215
      1806.3589
      112.92545
      560.07363
      132.78999
      1729.2868
      2268.2691
      3080.8216
      1042.1548
       3026.696
      3498.6336
      914.86927
      1885.1965
      2820.8792
      804.27895
      3523.1088
      748.47707
      987.83533
       1167.528
      1395.1204
      2126.9902
      2308.2826
      2578.9657
      2560.3711
      1925.0938
      3057.0221
      4513.8317
      2348.0539
      1429.5124
      933.16827
      541.03275
      2484.6722
      4422.0493
      2788.8254
      579.07829
       251.0937
      12.386188
      4124.3269
       1905.112
      1636.5607
      3266.5892
      1238.2927
      73.035317
      2187.7023
      445.28705
      348.64211
      1548.9263
      3248.5214
      93.010139
      2387.5366
      3230.9217
      2426.6837
      1673.0753
      1290.9401
      3548.2331
      2541.6382
      2633.8547
      3451.5331
       1202.991
      2106.7301
      2963.2926
      3165.1578
      2950.6952
      3385.1995
      3776.7407
      521.95572
      1060.1834
      878.15703
      1748.3526
      1273.4318
      483.69339
      2687.2604
      2522.7733
      822.80488
      1325.8331
      3008.2325
      3197.1143
      152.60874
      841.29328
      673.55557
      2896.2723
      2910.4267
      1654.7132
      859.74404
      969.65143
       729.8021
      290.22249
      1360.5603
      616.97864
      654.73319
      3627.7959
      3914.9701
      3285.1302
      1845.5958
      2937.6636
      3574.0344
      231.47374
      2045.9667
      309.73197
      2446.1168
      3952.9814
      3655.8295
      1691.6343
      52.983779
      2721.9451
      1600.9143
      1825.9274
      1343.2175
      2704.6996
       270.6765
       192.1201
      3364.1715
      1480.7941
      3046.1238
      1710.3762
       1131.905
      2738.9888
      1255.8826
      1078.1729
      3878.4707
      2651.8307
       2407.155
      4226.5939
      1096.1231
      3714.4209
      3180.9042
