      1784.3992
      1847.6241
      71.697436
      711.73104
      413.95988
      2730.5446
     0.61183946
      459.07041
      2791.6077
      554.97971
      2956.2461
      1805.5339
      842.89171
      1356.1037
      2649.2099
      2717.5862
      571.66448
      2093.3824
      2575.1171
      2846.2344
      39.195412
      2919.5701
       1021.141
      329.83766
      2171.9251
       474.5391
      188.05339
      1249.7088
      538.48942
      106.87828
      3024.9896
      4.8907925
      3031.6236
      290.97926
      2590.3754
       1463.312
      1313.4179
      2962.7127
      2191.2399
      1082.5076
      767.04086
      2927.4792
      3023.4226
      11.016061
      2980.3483
       2559.645
      2634.8371
       1613.739
      443.81559
      2911.3774
      168.08153
      2411.3058
      605.60392
      384.99615
      3035.3985
      2267.0983
      231.20614
      920.92234
       730.0098
      370.85613
      675.66553
      1826.6102
      114.77829
      1103.1444
      2990.6203
      2743.2577
      785.78568
      131.42878
       1910.248
      2999.6894
      78.152342
      1549.3005
      2803.0572
      2.8042319
      140.17576
      2690.9445
      2620.2384
      3028.8588
      99.264049
      1041.5018
      2053.3965
      220.02223
      2012.9772
      1763.2106
       303.6876
      2445.6225
      2856.3624
      17.734426
      2825.1745
      2995.3061
      2902.9027
      1441.8312
      2462.5011
      2229.4569
      1951.6072
       27.03686
       2814.247
      43.862337
      1420.3656
       54.10186
      1570.7923
      1061.9587
      13.081413
      1930.9694
      622.85173
      2210.4185
      522.19693
      428.77773
      1720.6884
      823.71493
      3014.1475
      1506.3018
      1270.8968
      2132.9026
      1484.8036
      506.10556
      2885.1143
      198.44366
      881.65016
      2113.2027
      2479.1888
      2968.8862
      23.611051
      2974.7652
      2376.2664
      3011.0009
      6.9444568
      693.61506
      3019.4695
      122.96237
      2875.8044
      2428.5562
      3007.5396
      209.10066
       2663.354
      1868.5711
      1228.5748
      1334.7424
      2304.1335
      1741.9722
      901.22401
      254.35181
      1144.6647
      490.21854
      2677.2664
      804.67831
      2322.4144
       2033.239
      1678.0018
      1656.6076
      356.94784
      2779.9005
      2985.6338
      1377.4976
      2935.1029
      2767.9382
      2866.2197
      399.36504
      640.28029
       59.67059
      3021.6219
      657.88607
      1527.8023
       2495.682
      2543.9623
      3016.9735
      940.74117
      1292.1346
      980.72428
      2704.3853
      862.20475
      588.54036
      1992.6152
      1592.2732
      8.9824632
      2755.7231
      91.937236
       2528.072
      1000.8805
      34.833438
      343.27409
      242.65011
      3026.7048
      278.51884
      1186.4861
      177.93199
      1398.9196
      2949.4879
      1889.4472
      2073.4457
      1207.4992
      2358.4845
       20.50838
      1165.5399
      2248.3515
      266.30886
      2393.8747
      316.64127
      2605.4169
      48.831833
       2152.478
      748.44765
      84.899468
      30.779332
      960.67649
      15.279574
      1123.8648
      158.50403
      2835.8377
      2894.1477
      1972.1572
      2285.6935
      3003.7681
      1699.3635
      2340.5327
      2511.9775
      1635.1852
      65.536323
      2942.4397
      149.20146
