      423.38426
      2457.1312
      1522.4226
      1608.3599
      2506.6088
       9.209352
      818.32981
      2840.8903
      2922.1642
      2522.7038
      2950.9562
      337.87645
      1863.1938
      125.99748
      66.218384
      2388.5033
      79.437139
      3012.0718
      1329.3615
      2774.5465
      2819.8266
      2107.8275
      2929.7931
      1800.1561
      2147.1032
      193.03087
       2786.255
      2990.1133
      2963.6145
      2538.5945
      2261.7249
      2127.5276
      260.90522
      365.46003
      856.82007
      2870.4674
      1223.1933
      2969.5048
      21.343672
      43.299506
       935.3573
      876.26569
      1651.2288
      11.786919
      2985.4061
      2750.3666
       109.3389
      2423.1855
      101.43414
       549.5901
      3024.5835
       2725.186
      2737.9001
      1139.2825
      3005.9537
      143.77673
      351.55099
      469.14725
      54.169177
      2298.7606
      2879.7802
       1904.871
      1.9647744
      1779.0213
      1500.9221
      780.40009
      2937.1357
      33.618495
      484.82718
      2906.0536
      379.60077
      670.27833
       1457.932
      3023.2093
      600.21543
       1372.117
      1842.2466
      617.46358
      975.34078
      688.22815
       2224.083
      6.9372426
      1414.9854
      2166.5505
       1543.921
      2473.8192
      1036.1188
      2242.9778
       3022.099
      1565.4129
      1715.3101
      2370.8947
      438.42268
      2353.1125
      214.61297
      2808.8974
      60.046942
      203.68971
      2699.0248
      48.586309
      837.50681
      2317.0418
      225.79844
     0.20865519
      3002.4433
      2685.5831
      1160.1579
      393.97032
      153.08213
      182.63861
      2629.4728
      2185.8655
      1097.7619
      25.134446
      3024.0316
      72.682227
       1736.594
        1884.07
       2657.991
      311.24188
    -0.24092747
      2897.5751
      2280.3204
      86.481734
      583.15151
      2554.2777
      1629.8063
      2888.8167
      2914.2505
      2975.1008
      3014.6789
      273.11637
      2998.6327
      1946.2305
      2762.5829
      1118.4825
      1308.0369
      2860.8802
      408.56581
      1244.3274
      2585.0092
      706.34441
      1181.1043
      955.29281
      248.94691
      324.43917
      1393.5392
       134.7479
      2994.5225
      2569.7504
      1286.7535
      93.814568
      285.57788
      3018.9891
       1077.125
      2048.0207
      237.24386
      743.06156
     0.92793719
      162.66222
      634.89246
      724.62345
      2851.0205
       2088.007
      29.226362
      566.27526
      2957.4312
      2980.4016
       38.30988
      1265.5156
        2068.07
      1925.5925
      1672.6232
       1586.894
      2643.8463
      895.83975
      1966.7806
      915.53827
      1015.7579
      2797.7061
       2007.601
       1350.723
      3020.6934
      1056.5759
      3.3135399
       2027.863
      2405.9347
       1436.451
      2712.2266
      799.29296
      2440.2521
      17.854923
      516.80649
       533.0994
      2490.3129
      2671.9043
      14.669059
      1757.8325
      3016.9846
      2205.0443
      172.51505
      1479.4238
      1987.2389
      1821.2326
      2944.1905
      2830.4917
      298.28724
      2614.8735
       1693.985
      761.65503
      117.52724
      3009.1633
      995.49716
      4.9715744
      652.49857
      500.71467
      2335.1604
      2600.0513
      1202.1175
      453.67804
